,0,1,2
0,0.487832,0.698984,0.000788
1,0.491538,0.703871,0.000558
2,0.492131,0.705815,0.000185
3,0.491774,0.707959,0.000198
4,0.491345,0.709788,0.000171
5,0.491917,0.711993,0.000207
6,0.491684,0.713802,0.000166
7,0.49122,0.714079,4.9e-05
8,0.491789,0.713199,9.5e-05
9,0.495223,0.720377,0.000723
10,0.498196,0.728578,0.000793
11,0.500752,0.737164,0.000814
12,0.501873,0.743923,0.000623
13,0.50354,0.748782,0.000467
14,0.503965,0.754576,0.000528
15,0.504229,0.759295,0.00043
16,0.504111,0.76322,0.000357
17,0.504113,0.762604,5.6e-05
18,0.504057,0.761764,7.7e-05
19,0.504145,0.760734,9.4e-05
20,0.504669,0.759258,0.000142
21,0.505706,0.757876,0.000157
22,0.506294,0.756876,0.000106
23,0.506521,0.757559,6.5e-05
24,0.505947,0.759252,0.000163
25,0.505282,0.760609,0.000137
26,0.504545,0.761922,0.000137
27,0.504468,0.762891,8.8e-05
28,0.504516,0.763754,7.9e-05
29,0.504872,0.763765,3.2e-05
30,0.507239,0.76355,0.000216
31,0.509388,0.763591,0.000195
32,0.511372,0.762496,0.000206
33,0.512368,0.7615,0.000128
34,0.513594,0.760783,0.000129
35,0.514737,0.760938,0.000105
36,0.516007,0.760943,0.000115
37,0.517217,0.761638,0.000127
38,0.518292,0.763051,0.000161
39,0.519073,0.763659,9e-05
40,0.519525,0.763323,5.1e-05
41,0.51932,0.761374,0.000178
42,0.519325,0.759849,0.000139
43,0.519303,0.758769,9.8e-05
44,0.520281,0.759841,0.000132
45,0.521007,0.761714,0.000183
46,0.521729,0.762974,0.000132
47,0.522073,0.761963,9.7e-05
48,0.522244,0.760916,9.7e-05
49,0.522386,0.760325,5.5e-05
50,0.522446,0.760185,1.4e-05
51,0.522906,0.760056,4.3e-05
52,0.523242,0.759763,4.1e-05
53,0.52328,0.760092,3e-05
54,0.522925,0.76018,3.3e-05
55,0.522714,0.76076,5.6e-05
56,0.522815,0.760624,1.5e-05
57,0.523019,0.760843,2.7e-05
58,0.523193,0.760388,4.4e-05
59,0.522905,0.760107,3.7e-05
60,0.522742,0.759354,7e-05
61,0.522702,0.758672,6.2e-05
62,0.52288,0.758237,4.3e-05
63,0.523251,0.757783,5.3e-05
64,0.523488,0.757741,2.2e-05
65,0.524138,0.757369,6.8e-05
66,0.524426,0.757383,2.6e-05
67,0.524783,0.757023,4.6e-05
68,0.525087,0.756734,3.8e-05
69,0.525405,0.756505,3.6e-05
70,0.525667,0.756044,4.8e-05
71,0.525691,0.755356,6.3e-05
72,0.52548,0.755141,2.7e-05
73,0.525143,0.755074,3.1e-05
74,0.524889,0.755322,3.2e-05
75,0.524878,0.755183,1.3e-05
76,0.52503,0.755162,1.4e-05
77,0.525188,0.755235,1.6e-05
78,0.525818,0.754781,7.1e-05
79,0.52633,0.754141,7.5e-05
80,0.526774,0.753617,6.2e-05
81,0.526392,0.753862,4.1e-05
82,0.526198,0.754416,5.3e-05
83,0.528239,0.754177,0.000187
84,0.548461,0.737383,0.00239
85,0.577826,0.709659,0.003671
86,0.616691,0.668591,0.00514
87,0.657752,0.613976,0.006212
88,0.688665,0.576514,0.004415
89,0.714463,0.542652,0.00387
90,0.730858,0.528221,0.001986
91,0.740751,0.517973,0.001295
92,0.746414,0.51309,0.00068
93,0.749875,0.508192,0.000545
94,0.75242,0.504563,0.000403
95,0.755314,0.496858,0.000748
96,0.755912,0.492298,0.000418
97,0.756627,0.488172,0.000381
98,0.755697,0.487202,0.000122
99,0.754768,0.487017,8.6e-05
100,0.754103,0.486633,7e-05
101,0.754375,0.485176,0.000135
102,0.754865,0.481558,0.000332
103,0.755299,0.479569,0.000185
104,0.755557,0.479686,2.6e-05
105,0.755443,0.480715,9.4e-05
106,0.755603,0.481723,9.3e-05
107,0.755394,0.482394,6.4e-05
108,0.755105,0.483649,0.000117
109,0.754277,0.483631,7.5e-05
110,0.753273,0.481792,0.00019
111,0.753042,0.479358,0.000222
112,0.752985,0.47763,0.000157
113,0.752853,0.477441,2.1e-05
114,0.752454,0.477229,4.1e-05
115,0.752013,0.47728,4e-05
116,0.751953,0.477187,1e-05
117,0.754175,0.477251,0.000202
118,0.756603,0.477214,0.000221
119,0.759404,0.47805,0.000266
120,0.761723,0.478244,0.000212
121,0.763578,0.478385,0.000169
122,0.765164,0.476762,0.000206
123,0.76687,0.475758,0.00018
124,0.768535,0.475178,0.00016
125,0.769879,0.475955,0.000141
126,0.77069,0.477365,0.000148
127,0.771416,0.478566,0.000128
128,0.772123,0.478889,7.1e-05
129,0.772572,0.478423,5.9e-05
130,0.772969,0.478128,4.5e-05
131,0.773201,0.478697,5.6e-05
132,0.773457,0.479834,0.000106
133,0.7738,0.480608,7.7e-05
134,0.773989,0.480946,3.5e-05
135,0.774428,0.480316,7e-05
136,0.77459,0.479575,6.9e-05
137,0.775095,0.479401,4.9e-05
138,0.77517,0.479895,4.5e-05
139,0.775331,0.480565,6.3e-05
140,0.775256,0.480387,1.8e-05
141,0.775445,0.480342,1.8e-05
142,0.775485,0.480362,4e-06
143,0.775781,0.480297,2.8e-05
144,0.776189,0.480284,3.7e-05
145,0.776604,0.48003,4.4e-05
146,0.77687,0.48042,4.3e-05
147,0.777063,0.480834,4.2e-05
148,0.777397,0.481181,4.4e-05
149,0.777793,0.481372,4e-05
150,0.778111,0.481322,2.9e-05
151,0.778232,0.481415,1.4e-05
152,0.777881,0.481633,3.8e-05
153,0.777225,0.482157,7.6e-05
154,0.776808,0.482556,5.2e-05
155,0.776877,0.483009,4.2e-05
156,0.776794,0.482888,1.3e-05
157,0.775611,0.482825,0.000108
